trials,marketCondition,marketDramatic,stockPrice,player1Cash,player1Stock,player1TotalAsset,player2Cash,player2Stock,player2TotalAsset,player1Decision,player1event,player2Decision,player2event
1,1,0,100,10000,10,11000,10000,10,11000,buy,buy-7.5631/confirm-8.3947/,no trade,confirm-8.7213/
2,1,0,103,9900,11,11033,10000,10,11030,no trade,confirm-12.9223/,buy,buy-7.4796/confirm-8.7187/
3,1,0,107,9900,11,11077,9897,11,11074,no trade,confirm-8.3301/,buy,see-1.0754/unsee-2.3394/buy-7.8361/confirm-8.3878/
4,1,0,111,9900,11,11121,9790,12,11122,no trade,confirm-8.3204/,sell,sell-7.7202/confirm-8.1202/
5,1,0,108,9900,11,11088,9901,11,11089,sell,sell-7.5887/buy-8.0452/sell-8.3866/confirm-8.8842/,no trade,confirm-2.2125/see-3.0807/unsee-7.3321/
6,1,0,105,10008,10,11058,9901,11,11056,sell,sell-7.4892/confirm-8.034/,sell,sell-7.569/confirm-7.8424/
7,1,0,100,10113,9,11013,10006,10,11006,no trade,confirm-7.525/,sell,see-4.7541/unsee-7.6506/sell-9.0391/confirm-9.7171/
8,1,0,97,10113,9,10986,10106,9,10979,no trade,confirm-7.4484/,sell,see-4.069/unsee-6.5498/sell-8.6261/confirm-10.4506/
9,1,0,95,10113,9,10968,10203,8,10963,buy,buy-7.5348/confirm-8.1195/,buy,see-4.1701/unsee-7.1763/buy-7.5633/confirm-8.0654/
10,1,0,100,10018,10,11018,10108,9,11008,no trade,confirm-7.8583/,no trade,see-1.7406/unsee-5.8961/confirm-7.9971/
11,1,0,100,10018,10,11018,10108,9,11008,no trade,confirm-7.8277/,buy,see-0.45596/unsee-7.206/buy-7.5456/confirm-8.179/
12,1,0,103,10018,10,11048,10008,10,11038,no trade,confirm-8.6778/,sell,see-1.6352/unsee-2.3064/sell-3.0693/sell-7.5792/confirm-7.9929/
13,1,0,100,10018,10,11018,10111,9,11011,no trade,confirm-8.031/,sell,unsee-0.047627/see-0.62207/unsee-2.9447/sell-7.507/confirm-7.7339/
14,1,0,97,10018,10,10988,10211,8,10987,no trade,confirm-8.4205/,sell,see-0.62803/unsee-2.1265/see-5.0308/unsee-5.5036/sell-7.6642/confirm-9.5925/
15,1,0,95,10018,10,10968,10308,7,10973,buy,buy-9.3531/confirm-10.0775/,no trade,see-4.155/unsee-6.9239/confirm-8.1214/
16,1,0,98,9923,11,11001,10308,7,10994,buy,buy-7.6294/confirm-8.2676/,sell,buy-0.047702/see-3.6843/unsee-5.2419/sell-9.5237/confirm-10.3804/
17,1,0,98,9825,12,11001,10406,6,10994,buy,buy-7.5728/confirm-8.2528/,buy,unsee-0.03274/see-0.4982/unsee-4.614/buy-7.6975/confirm-8.2187/
18,1,0,103,9727,13,11066,10308,7,11029,sell,sell-7.6324/confirm-8.2704/,no trade,see-5.7215/unsee-7.3242/sell-11.3617/buy-12.4443/buy-12.6828/
19,1,0,100,9830,12,11030,10308,7,11008,no trade,confirm-7.6982/,buy,confirm-0.03252/see-0.75345/unsee-3.1779/buy-3.4864/buy-7.9478/confirm-8.2628/
20,1,0,103,9830,12,11066,10208,8,11032,sell,sell-7.7214/confirm-8.2645/,buy,see-1.3061/unsee-3.6969/see-3.8371/unsee-3.9299/see-4.0648/unsee-5.0308/buy-5.6467/buy-7.6306/confirm-8.3497/
21,2,0,103,9933,11,11066,10105,9,11032,sell,sell-7.4867/confirm-7.9983/,buy,see-1.8402/unsee-3.9906/buy-5.2559/buy-7.4627/confirm-8.1351/
22,2,0,103,10036,10,11066,10002,10,11032,sell,sell-8.808/confirm-9.3275/,buy,see-3.8818/unsee-4.4572/buy-7.4309/confirm-8.2156/
23,2,0,103,10139,9,11066,9899,11,11032,sell,sell-7.8744/confirm-8.4646/,sell,see-1.8081/unsee-7.7591/sell-8.149/confirm-8.7411/
24,2,0,98,10242,8,11026,10002,10,10982,buy,buy-7.4023/confirm-8.0741/,no trade,see-2.039/unsee-2.8824/confirm-7.5813/
25,2,0,104,10144,9,11080,10002,10,11042,sell,sell-7.6545/confirm-8.2084/,sell,see-2.1389/unsee-3.4225/sell-7.4067/see-7.8651/unsee-7.9108/sell-8.6146/confirm-9.4493/
26,2,0,99,10248,8,11040,10106,9,10997,buy,buy-7.5089/confirm-8.161/,sell,unsee-0.064404/see-0.66214/unsee-4.1707/sell-7.5458/see-8.1143/unsee-8.2015/confirm-9.9573/
27,2,0,99,10149,9,11040,10205,8,10997,buy,buy-7.5965/confirm-8.1926/,sell,see-2.7441/unsee-7.4022/sell-7.6433/confirm-8.9615/
28,2,0,99,10050,10,11040,10304,7,10997,buy,buy-7.5778/confirm-8.1626/,buy,see-6.0308/unsee-7.1731/buy-8.4549/see-9.3999/unsee-9.5124/confirm-10.4602/
29,2,0,109,9951,11,11150,10205,8,11077,sell,sell-7.6861/confirm-8.2544/,sell,see-1.941/unsee-4.6845/sell-5.1668/sell-7.5081/confirm-8.1889/
30,2,0,104,10060,10,11100,10314,7,11042,sell,sell-7.3943/confirm-7.9237/,no trade,see-0.95911/unsee-7.2372/sell-8.1744/
31,2,0,101,10164,9,11073,10314,7,11021,sell,sell-7.542/confirm-8.1495/,sell,sell-0.047566/sell-8.0307/confirm-9.2496/
32,2,0,96,10265,8,11033,10415,6,10991,no trade,confirm-8.3515/,sell,sell-8.3782/confirm-9.0338/
33,2,0,94,10265,8,11017,10511,5,10981,no trade,confirm-8.0904/,buy,see-1.6469/unsee-3.1621/buy-8.3049/see-8.8899/unsee-8.9465/confirm-9.9302/
34,2,0,100,10265,8,11065,10417,6,11017,no trade,confirm-7.7858/,buy,see-2.2766/unsee-4.6278/buy-7.8176/confirm-9.2294/
35,2,0,106,10265,8,11113,10317,7,11059,sell,sell-7.5148/confirm-8.335/,sell,see-1.7605/unsee-3.699/sell-7.6465/confirm-8.4178/
36,2,0,101,10371,7,11078,10423,6,11029,sell,sell-7.3445/confirm-7.862/,sell,see-0.61645/unsee-1.6829/sell-8.77/confirm-9.4832/
37,2,0,96,10472,6,11048,10524,5,11004,buy,unsee-0.047605/see-3.5811/unsee-3.7518/see-4.1946/unsee-6.8873/buy-7.5705/confirm-8.8476/,sell,see-1.5609/unsee-2.1472/sell-11.2098/confirm-11.9669/
38,2,0,96,10376,7,11048,10620,4,11004,buy,unsee-0.047415/see-1.7354/unsee-4.3443/buy-7.6101/confirm-8.755/,no trade,see-2.1942/unsee-2.5093/confirm-8.8415/
39,2,0,102,10280,8,11096,10620,4,11028,no trade,unsee-0.047584/confirm-7.9538/,no trade,see-1.7541/unsee-3.9016/see-7.0919/unsee-8.1157/confirm-8.7576/
40,2,0,102,10280,8,11096,10620,4,11028,no trade,confirm-7.9253/,sell,sell-7.8758/confirm-8.5485/
41,2,0,99,10280,8,11072,10722,3,11019,buy,see-6.8777/unsee-7.3093/buy-8.9875/confirm-9.6901/,buy,see-1.8239/unsee-3.4575/buy-7.882/confirm-8.5378/
42,2,0,109,10181,9,11162,10623,4,11059,sell,sell-7.5106/confirm-8.0956/,sell,see-1.5137/unsee-2.4783/sell-8.4905/confirm-9.3414/
43,2,0,104,10290,8,11122,10732,3,11044,sell,sell-7.791/confirm-8.4157/,sell,see-1.5453/unsee-2.7469/sell-7.8194/confirm-10.7678/
44,2,0,99,10394,7,11087,10836,2,11034,buy,buy-7.4406/confirm-8.3086/,buy,buy-8.568/confirm-9.0309/
45,2,0,109,10295,8,11167,10737,3,11064,sell,sell-7.3957/confirm-7.86/,buy,see-2.3611/unsee-7.5327/buy-7.7431/see-8.3333/unsee-8.401/confirm-9.6238/
46,2,0,109,10404,7,11167,10628,4,11064,sell,sell-7.4414/confirm-8.0307/,buy,unsee-0.048399/see-1.2224/unsee-3.2572/buy-7.4153/confirm-8.5743/
47,2,0,109,10513,6,11167,10519,5,11064,sell,sell-7.6179/confirm-8.3259/,buy,see-0.89208/unsee-2.2268/buy-8.1948/confirm-8.9934/
48,2,0,109,10622,5,11167,10410,6,11064,sell,unsee-0.04738/see-0.40272/unsee-2.1572/sell-7.4705/confirm-8.089/,buy,see-0.59812/unsee-1.7604/buy-8.1993/confirm-8.7947/
49,2,0,109,10731,4,11167,10301,7,11064,sell,see-1.6714/unsee-2.2663/sell-7.5391/confirm-8.4047/,buy,see-0.87315/unsee-4.3115/buy-7.4737/confirm-7.9264/
50,2,0,109,10840,3,11167,10192,8,11064,sell,sell-8.0475/confirm-8.8114/,buy,unsee-0.063741/see-1.046/unsee-4.9523/buy-7.553/confirm-8.0824/
51,2,0,109,10949,2,11167,10083,9,11064,sell,sell-7.5507/confirm-8.1523/,buy,see-1.0526/unsee-2.4774/buy-7.6369/confirm-8.1172/
52,2,0,109,11058,1,11167,9974,10,11064,no trade,see-2.6039/unsee-3.4173/confirm-7.9917/,buy,see-1.3737/unsee-2.1263/buy-7.5018/confirm-7.8499/
53,2,0,116,11058,1,11174,9865,11,11141,no trade,confirm-7.7564/,buy,see-1.3922/unsee-3.1419/buy-7.9504/confirm-8.5708/
54,2,0,123,11058,1,11181,9749,12,11225,no trade,confirm-9.1453/,buy,see-0.72185/unsee-4.0439/buy-6.5212/buy-7.2987/confirm-7.7789/
55,2,0,131,11058,1,11189,9626,13,11329,no trade,confirm-7.9472/,buy,see-1.1233/unsee-2.4575/buy-8.5987/confirm-9.2214/
56,2,0,139,11058,1,11197,9495,14,11441,no trade,confirm-7.4469/,buy,see-3.2269/unsee-5.4166/buy-7.7846/confirm-8.3553/
57,2,0,148,11058,1,11206,9356,15,11576,no trade,confirm-8.7391/,sell,see-0.53524/unsee-1.4379/sell-7.9353/confirm-8.3738/
58,2,0,144,11058,1,11202,9504,14,11520,no trade,confirm-7.6522/,sell,see-0.80142/unsee-1.2554/sell-8.1069/confirm-8.6169/
59,2,0,140,11058,1,11198,9648,13,11468,no trade,,sell,see-1.0674/unsee-2.3056/sell-4.6903/sell-7.5182/confirm-7.9975/
60,2,0,136,11058,1,11194,9788,12,11420,no trade,confirm-8.3012/,sell,see-1.2929/unsee-1.7969/sell-7.9916/confirm-8.6786/
61,3,0,132,11058,1,11190,9924,11,11376,no trade,confirm-9.1208/,sell,sell-7.4941/confirm-8.2302/
62,3,0,125,11058,1,11183,10056,10,11306,no trade,confirm-8.2274/,buy,see-1.5782/unsee-7.5708/buy-7.7699/confirm-8.3242/
63,3,0,129,11058,1,11187,9931,11,11350,buy,buy-9.6947/confirm-10.4226/,buy,see-1.0825/unsee-1.4974/buy-8.4587/confirm-9.0677/
64,3,0,136,10929,2,11201,9802,12,11434,no trade,confirm-7.933/,buy,see-1.2621/unsee-2.7627/buy-7.5012/confirm-8.03/
65,3,0,141,10929,2,11211,9666,13,11499,buy,buy-0.73121/buy-7.6923/confirm-8.2601/,sell,see-1.8955/unsee-2.9705/no trade-7.602/sell-8.3304/confirm-8.9748/
66,3,0,141,10788,3,11211,9807,12,11499,buy,buy-7.2888/confirm-7.8648/,sell,see-2.6256/unsee-4.7812/sell-7.4437/confirm-7.5666/
67,3,0,141,10647,4,11211,9948,11,11499,buy,see-0.41409/unsee-1.5783/see-3.1109/unsee-4.8881/buy-7.8562/confirm-8.6118/,sell,see-1.7881/unsee-2.6368/sell-7.3077/confirm-7.4614/
68,3,0,141,10506,5,11211,10089,10,11499,buy,see-4.2124/unsee-7.3765/buy-8.0885/confirm-10.0805/,sell,sell-0.55668/confirm-0.67209/see-1.3685/unsee-1.9568/sell-7.3287/confirm-7.449/
69,3,0,141,10365,6,11211,10230,9,11499,buy,buy-7.7142/confirm-8.6323/,no trade,unsee-0.046868/see-0.99664/unsee-1.6617/confirm-9.1469/
70,3,0,146,10224,7,11246,10230,9,11544,sell,sell-7.5005/confirm-8.1802/,buy,see-0.66103/unsee-1.0762/buy-8.7599/confirm-9.3068/
71,3,0,146,10370,6,11246,10084,10,11544,buy,buy-7.4448/confirm-8.3606/,sell,see-1.2105/unsee-1.5702/sell-7.9895/confirm-8.1622/
72,3,0,146,10224,7,11246,10230,9,11544,buy,buy-7.4353/confirm-8.0678/,buy,see-1.2809/unsee-1.9124/see-6.03/unsee-6.9359/buy-7.71/confirm-8.0918/
73,3,0,154,10078,8,11310,10084,10,11624,sell,unsee-0.063615/sell-7.3261/confirm-7.8885/,sell,see-0.52562/unsee-1.7415/see-4.3671/unsee-5.2331/sell-9.065/confirm-9.1798/
74,3,0,139,10232,7,11205,10238,9,11489,buy,buy-7.6585/confirm-8.114/,sell,see-1.7477/unsee-2.6415/sell-8.5913/confirm-8.7787/
75,3,0,139,10093,8,11205,10377,8,11489,buy,buy-7.397/confirm-7.9537/,sell,see-1.4813/unsee-2.2425/sell-7.4658/confirm-7.62/
76,3,0,139,9954,9,11205,10516,7,11489,buy,buy-7.4393/confirm-7.9847/,sell,see-1.4195/unsee-1.7594/sell-7.5607/confirm-7.6452/
77,3,0,139,9815,10,11205,10655,6,11489,buy,buy-7.3609/confirm-7.8503/,sell,sell-1.2348/confirm-1.3634/see-2.1045/unsee-2.4254/sell-7.4186/confirm-7.553/
78,3,0,139,9676,11,11205,10794,5,11489,buy,see-0.3493/unsee-0.97305/buy-7.3544/confirm-7.9926/,sell,unsee-0.047136/see-0.94654/unsee-2.4108/sell-7.5582/confirm-7.737/
79,3,0,139,9537,12,11205,10933,4,11489,buy,see-3.2969/unsee-3.7539/buy-7.4877/confirm-8.1115/,sell,unsee-0.046608/see-0.89729/unsee-1.3457/sell-7.8146/confirm-8.436/
80,3,0,139,9398,13,11205,11072,3,11489,buy,buy-7.6798/confirm-8.1918/,no trade,confirm-0.047847/see-5.697/unsee-6.9945/
81,3,0,144,9259,14,11275,11072,3,11504,sell,see-0.65132/unsee-1.2809/sell-7.3306/confirm-7.8226/,buy,confirm-0.06323/confirm-1.4169/confirm-2.0359/see-2.7416/unsee-4.5136/buy-7.7195/confirm-8.2225/
82,3,0,144,9403,13,11275,10928,4,11504,buy,buy-7.498/confirm-8.0545/,sell,see-1.299/unsee-2.8167/sell-7.7565/confirm-7.9847/
83,3,0,144,9259,14,11275,11072,3,11504,no trade,see-4.4223/unsee-5.811/confirm-7.9865/,buy,see-0.79459/unsee-1.7561/buy-8.4378/confirm-8.7813/
84,3,0,149,9259,14,11345,10928,4,11524,sell,sell-7.3425/confirm-7.7955/,sell,see-1.0298/unsee-2.5871/sell-7.6503/confirm-8.2546/
85,3,0,135,9408,13,11163,11077,3,11482,buy,buy-7.4998/confirm-8.1743/,no trade,see-1.1219/unsee-4.3558/see-4.4035/unsee-4.5156/buy-12.0296/
86,3,0,140,9273,14,11233,11077,3,11497,sell,sell-7.4414/confirm-7.9057/,buy,confirm-0.046693/buy-7.9753/confirm-8.6568/
87,3,0,140,9413,13,11233,10937,4,11497,buy,see-0.32189/unsee-1.2213/buy-7.3371/confirm-7.9303/,buy,unsee-0.046641/see-2.3724/unsee-3.1279/see-4.6203/unsee-5.5849/buy-7.6714/confirm-9.1548/
88,3,0,147,9273,14,11331,10797,5,11532,sell,see-4.4744/unsee-5.167/sell-7.3455/confirm-7.8294/,buy,unsee-0.046618/see-1.7388/unsee-2.2377/see-8.0298/unsee-8.0631/buy-8.4661/confirm-9.3781/
89,3,0,147,9420,13,11331,10650,6,11532,no trade,confirm-7.9308/,buy,see-1.5507/unsee-2.2611/buy-7.4393/confirm-8.1872/
90,3,0,152,9420,13,11396,10503,7,11567,sell,unsee-0.063221/sell-7.3817/confirm-7.9444/,buy,see-1.4475/unsee-2.0365/buy-9.5907/confirm-10.0296/
91,3,0,152,9572,12,11396,10351,8,11567,no trade,confirm-7.8273/,buy,see-1.3864/unsee-1.9108/buy-7.6328/confirm-8.2994/
92,3,0,157,9572,12,11456,10199,9,11612,sell,unsee-0.046246/sell-7.3611/confirm-7.9343/,sell,see-1.8467/unsee-2.5093/sell-7.4659/confirm-7.6585/
93,3,0,142,9729,11,11291,10356,8,11492,buy,see-4.1397/unsee-7.8991/buy-10.4037/confirm-10.9243/,no trade,unsee-0.046244/see-0.70627/unsee-4.5554/
94,3,0,147,9587,12,11351,10356,8,11532,sell,see-4.9443/unsee-5.9906/sell-7.5317/confirm-8.1556/,no trade,see-0.4944/unsee-2.4075/see-3.4254/unsee-4.7344/
95,3,0,139,9734,11,11263,10356,8,11468,buy,buy-7.3587/confirm-7.9883/,no trade,see-1.9295/unsee-8.9853/confirm-11.5805/
96,3,0,144,9595,12,11323,10356,8,11508,sell,see-1.7744/unsee-2.559/sell-8.7721/confirm-9.4013/,no trade,see-3.0382/unsee-4.268/see-4.6437/unsee-7.624/confirm-8.8193/
97,3,0,136,9739,11,11235,10356,8,11444,buy,see-1.4587/unsee-1.9928/buy-7.5712/confirm-8.7835/,buy,see-1.5548/unsee-6.0535/buy-7.4362/confirm-7.9722/
98,3,0,143,9603,12,11319,10220,9,11507,sell,see-0.38504/unsee-0.9538/sell-7.3871/confirm-7.871/,sell,see-1.0577/unsee-4.7347/sell-8.0731/confirm-8.6059/
99,3,0,129,9746,11,11165,10363,8,11395,buy,see-0.39118/unsee-0.62734/buy-7.2938/confirm-8.0886/,buy,confirm-0.046435/see-1.6435/unsee-3.2431/buy-9.462/confirm-9.9099/
100,3,0,136,9617,12,11249,10234,9,11458,sell,see-2.9775/unsee-3.4203/buy-7.4401/sell-8.4934/sell-8.6918/confirm-9.3096/,sell,see-1.222/unsee-2.0369/sell-9.4426/confirm-10.91/
101,3,0,123,9753,11,11106,10370,8,11354,,,,